  2.00000000E-04  2.16506325E+07  1.94855713E+08  5.41265875E+08  1.06088112E+09  1.75370144E+09  2.61972684E+09  3.65895733E+09  4.87139289E+09  6.25703354E+09  7.81587929E+09
  2.26243314E-04  1.69191702E+07  1.52272552E+08  4.22979317E+08  8.29039463E+08  1.37045299E+09  2.04721990E+09  2.85934020E+09  3.80681387E+09  4.88964093E+09  6.10782139E+09
  2.55930185E-04  1.32217069E+07  1.18995383E+08  3.30542734E+08  6.47863762E+08  1.07095847E+09  1.59982684E+09  2.23446890E+09  2.97488463E+09  3.82107404E+09  4.77303713E+09
  2.89512466E-04  1.03322757E+07  9.29905021E+07  2.58306955E+08  5.06281634E+08  8.36914539E+08  1.25020567E+09  1.74615503E+09  2.32476261E+09  2.98602843E+09  3.72995247E+09
  3.27501298E-04  8.07429184E+06  7.26686470E+07  2.01857357E+08  3.95640423E+08  6.54017843E+08  9.76989619E+08  1.36455575E+09  1.81671624E+09  2.33347108E+09  2.91482028E+09
  3.70474895E-04  6.30976070E+06  5.67878668E+07  1.57744079E+08  3.09178397E+08  5.11090822E+08  7.63481352E+08  1.06634999E+09  1.41969673E+09  1.82352158E+09  2.27782454E+09
  4.19087339E-04  4.93084470E+06  4.43776228E+07  1.23271179E+08  2.41611513E+08  3.99398626E+08  5.96632516E+08  8.33313185E+08  1.10944063E+09  1.42501486E+09  1.78003586E+09
  4.74078542E-04  3.85327271E+06  3.46794748E+07  9.63318791E+07  1.88810486E+08  3.12115294E+08  4.66246305E+08  6.51203518E+08  8.66986933E+08  1.11359655E+09  1.39103237E+09
  5.36285501E-04  3.01118994E+06  2.71007299E+07  7.52798099E+07  1.47548430E+08  2.43906590E+08  3.64354290E+08  5.08891530E+08  6.77518310E+08  8.70234630E+08  1.08704049E+09
  6.06655045E-04  2.35313331E+06  2.11782203E+07  5.88283943E+07  1.15303655E+08  1.90604003E+08  2.84729438E+08  3.97679960E+08  5.29455569E+08  6.80056266E+08  8.49482050E+08
  6.86258238E-04  1.83888633E+06  1.65499975E+07  4.59722198E+07  9.01055532E+07  1.48949998E+08  2.22505554E+08  3.10772220E+08  4.13749999E+08  5.31438888E+08  6.63838890E+08
  7.76306689E-04  1.43702129E+06  1.29332120E+07  3.59255936E+07  7.04141659E+07  1.16398929E+08  1.73879883E+08  2.42857027E+08  3.23330363E+08  4.15299889E+08  5.18765607E+08
  8.78170990E-04  1.12297857E+06  1.01068276E+07  2.80745258E+07  5.50260729E+07  9.09614692E+07  1.35880714E+08  1.89783809E+08  2.52670752E+08  3.24541545E+08  4.05396187E+08
  9.93401574E-04  8.77565776E+05  7.89811246E+06  2.19392058E+07  4.30008459E+07  7.10830326E+07  1.06185766E+08  1.48309046E+08  1.97452873E+08  2.53617247E+08  3.16802167E+08
  1.12375232E-03  6.85784727E+05  6.17208302E+06  1.71446796E+07  3.36035745E+07  5.55487676E+07  8.29802591E+07  1.15898049E+08  1.54302137E+08  1.98192523E+08  2.47569208E+08
  1.27120724E-03  5.35914910E+05  4.82325467E+06  1.33979342E+07  2.62599535E+07  4.34093125E+07  6.48460113E+07  9.05700498E+07  1.20581428E+08  1.54880146E+08  1.93466205E+08
  1.43801070E-03  4.18797177E+05  3.76919507E+06  1.04699908E+07  2.05211845E+07  3.39227761E+07  5.06747655E+07  7.07771528E+07  9.42299381E+07  1.21033121E+08  1.51186703E+08
  1.62670152E-03  3.27273987E+05  2.94548636E+06  8.18191111E+06  1.60365482E+07  2.65093977E+07  3.96004596E+07  5.53097339E+07  7.36372205E+07  9.45829196E+07  1.18146831E+08
  1.84015172E-03  2.55751991E+05  2.30178839E+06  6.39386120E+06  1.25319704E+07  2.07161160E+07  3.09462980E+07  4.32225164E+07  5.75447713E+07  7.39130625E+07  9.23273903E+07
  2.08161011E-03  1.99860188E+05  1.79876217E+06  4.99656614E+06  9.79327209E+06  1.61888800E+07  2.41833899E+07  3.37768018E+07  4.49691157E+07  5.77603316E+07  7.21504496E+07
  2.35475185E-03  1.56182806E+05  1.40566573E+06  3.90463159E+06  7.65308036E+06  1.26510121E+07  1.88984267E+07  2.63953243E+07  3.51417048E+07  4.51375682E+07  5.63829146E+07
  2.66373431E-03  1.22050543E+05  1.09847536E+06  3.05132501E+06  5.98059947E+06  9.88629876E+06  1.47684229E+07  2.06269718E+07  2.74619456E+07  3.52733441E+07  4.40611676E+07
  3.01326038E-03  9.53774386E+04  8.58417423E+05  2.38449739E+06  4.67361734E+06  7.72577728E+06  1.15409772E+07  1.61192171E+07  2.14604970E+07  2.75648169E+07  3.44321768E+07
  3.40865007E-03  7.45333911E+04  6.70820995E+05  1.86339620E+06  3.65225901E+06  6.03740943E+06  9.01884745E+06  1.25965731E+07  1.67705863E+07  2.15408871E+07  2.69074756E+07
  3.85592143E-03  5.82445367E+04  5.24221306E+05  1.45617484E+06  2.85410515E+06  4.71801223E+06  7.04789607E+06  9.84375669E+06  1.31055941E+07  1.68334082E+07  2.10271992E+07
  4.36188221E-03  4.55153979E+04  4.09659056E+05  1.13794637E+06  2.23037735E+06  3.68695198E+06  5.50767027E+06  7.69253222E+06  1.02415378E+07  1.31546871E+07  1.64319801E+07
  4.93423343E-03  3.55680454E+04  3.20132883E+05  8.89262559E+05  1.74295707E+06  2.88121642E+06  4.30404061E+06  6.01142964E+06  8.00338351E+06  1.02799022E+07  1.28409858E+07
  5.58168661E-03  2.77945563E+04  2.50171481E+05  6.94925331E+05  1.36205611E+06  2.25156381E+06  3.36344843E+06  4.69770998E+06  6.25434846E+06  8.03336386E+06  1.00347562E+07
  6.31409638E-03  2.17198612E+04  1.95499226E+05  5.43057956E+05  1.06439605E+06  1.75951351E+06  2.62841033E+06  3.67108652E+06  4.88754208E+06  6.27777700E+06  7.84179130E+06
  7.14261044E-03  1.69727112E+04  1.52774875E+05  4.24379203E+05  8.31785695E+05  1.37499435E+06  2.05400517E+06  2.86881816E+06  3.81943330E+06  4.90585062E+06  6.12807011E+06
  8.07983927E-03  1.32629885E+04  1.19387371E+05  3.31636135E+05  6.50009282E+05  1.07450681E+06  1.60512872E+06  2.24187502E+06  2.98474569E+06  3.83374075E+06  4.78886021E+06
  9.14004806E-03  1.03639770E+04  9.32962675E+04  2.59160849E+05  5.07957720E+05  8.39686882E+05  1.25434833E+06  1.75194208E+06  2.33246811E+06  2.99592644E+06  3.74231706E+06
  1.03393738E-02  8.09850652E+03  7.29070327E+04  2.02524085E+05  3.96949664E+05  6.56183768E+05  9.80226399E+05  1.36907756E+06  1.82273724E+06  2.34120545E+06  2.92448219E+06
  1.16960710E-02  6.32812489E+03  5.69735977E+04  1.58264543E+05  3.10200962E+05  5.12782853E+05  7.66010218E+05  1.06988305E+06  1.42440136E+06  1.82956515E+06  2.28537441E+06
  1.32307893E-02  4.94463697E+03  4.45222060E+04  1.23677344E+05  2.42410051E+05  4.00720327E+05  5.98608173E+05  8.36073587E+05  1.11311657E+06  1.42973712E+06  1.78593525E+06
  1.49668880E-02  3.86349222E+03  3.47919027E+04  9.66487235E+04  1.89433955E+05  3.13147597E+05  4.67789649E+05  6.53360112E+05  8.69858985E+05  1.11728627E+06  1.39564197E+06
  1.69307917E-02  3.01861751E+03  2.71880295E+04  7.55268535E+04  1.48035090E+05  2.44712738E+05  3.65559798E+05  5.10576270E+05  6.79762154E+05  8.73117451E+05  1.09064216E+06
  1.91523921E-02  2.35837913E+03  2.12458832E+04  5.90208912E+04  1.15683403E+05  1.91233419E+05  2.85670940E+05  3.98995964E+05  5.31208492E+05  6.82308525E+05  8.52296063E+05
  2.16655033E-02  1.84242725E+03  1.66023150E+04  4.61220905E+04  9.04017538E+04  1.49441305E+05  2.23240744E+05  3.11800070E+05  4.15119285E+05  5.33198387E+05  6.66037378E+05
  2.45083763E-02  1.43922996E+03  1.29735378E+04  3.60421536E+04  7.06450773E+04  1.16782309E+05  1.74453848E+05  2.43659696E+05  3.24399851E+05  4.16674314E+05  5.20483086E+05
  2.77242813E-02  1.12414624E+03  1.01377824E+04  2.81650548E+04  5.52059634E+04  9.12605081E+04  1.36328689E+05  1.90410506E+05  2.53505959E+05  3.25615049E+05  4.06737776E+05
  3.13621664E-02  8.77920064E+02  7.92174429E+03  2.20093927E+04  4.31408654E+04  7.13161623E+04  1.06535283E+05  1.48798229E+05  1.98104998E+05  2.54455592E+05  3.17850011E+05
  3.54774022E-02  6.85503546E+02  6.18999237E+03  1.71989700E+04  3.37124365E+04  5.57303918E+04  8.32528360E+04  1.16279769E+05  1.54811191E+05  1.98847102E+05  2.48387502E+05
  4.01326252E-02  5.35137336E+02  4.83669233E+03  1.34398023E+04  2.63444673E+04  4.35506873E+04  6.50584622E+04  9.08677922E+04  1.20978677E+05  1.55391117E+05  1.94105113E+05
  4.53986906E-02  4.17631947E+02  3.77913852E+03  1.05021517E+04  2.05866714E+04  3.40326977E+04  5.08402305E+04  7.10092699E+04  9.45398160E+04  1.21431869E+05  1.51685428E+05
  5.13557510E-02  3.25806150E+02  2.95269955E+03  8.20648635E+03  1.60871666E+04  2.65947402E+04  3.97292072E+04  5.54905676E+04  7.38788214E+04  9.48939687E+04  1.18536010E+05
  5.80944764E-02  2.54048099E+02  2.30686840E+03  6.41250901E+03  1.25709699E+04  2.07822511E+04  3.10463526E+04  4.33632745E+04  5.77330166E+04  7.41555791E+04  9.26309620E+04
  6.57174343E-02  1.97972369E+02  1.80217572E+03  5.01058242E+03  9.82319248E+03  1.62400059E+04  2.42610226E+04  3.38862428E+04  4.51156662E+04  5.79492931E+04  7.23871234E+04
  7.43406505E-02  1.54151943E+02  1.40777769E+03  3.91502919E+03  7.67590645E+03  1.26904094E+04  1.89585382E+04  2.64802927E+04  3.52556730E+04  4.52846790E+04  5.65673109E+04
  8.40953756E-02  1.19908777E+02  1.09957106E+03  3.05889563E+03  5.99788249E+03  9.91653163E+03  1.48148431E+04  2.06928168E+04  2.75504528E+04  3.53877511E+04  4.42047118E+04
  9.51300823E-02  9.31501297E+01  8.58720073E+02  2.38985996E+03  4.68656979E+03  7.74884956E+03  1.15766993E+04  1.61701189E+04  2.15291085E+04  2.76536681E+04  3.45437976E+04
  1.07612725E-01  7.22406665E+01  6.70505340E+02  1.86703469E+03  3.66182871E+03  6.05488740E+03  9.04621077E+03  1.26357988E+04  1.68236515E+04  2.16097689E+04  2.69941510E+04
  1.21733298E-01  5.59025177E+01  5.23424294E+02  1.45846785E+03  2.86103317E+03  4.73112028E+03  7.06872916E+03  9.87385981E+03  1.31465122E+04  1.68866865E+04  2.10943825E+04
  1.37706723E-01  4.31371796E+01  4.08488204E+02  1.13919025E+03  2.23524332E+03  3.69664742E+03  5.52340254E+03  7.71550868E+03  1.02729659E+04  1.31957741E+04  1.64839333E+04
  1.55776127E-01  3.31644894E+01  3.18672840E+02  8.89689539E+02  1.74621459E+03  2.88824799E+03  4.31578974E+03  6.02883984E+03  8.02739829E+03  1.03114651E+04  1.28810403E+04
  1.76216536E-01  2.53749408E+01  2.48489186E+02  6.94717675E+02  1.36406041E+03  2.25651739E+03  3.37208861E+03  4.71077408E+03  6.27257380E+03  8.05748776E+03  1.00655160E+04
  1.99339065E-01  1.92924266E+01  1.93647981E+02  5.42359086E+02  1.06542574E+03  1.76284796E+03  2.63462572E+03  3.68075904E+03  4.90124791E+03  6.29609234E+03  7.86529234E+03
  2.25495653E-01  1.45451293E+01  1.50797566E+02  4.23302431E+02  8.32059732E+02  1.37706947E+03  2.05833164E+03  2.87584624E+03  3.82961328E+03  4.91963275E+03  6.14590467E+03
  2.55084419E-01  1.08427769E+01  1.17319034E+02  3.30271532E+02  6.49700286E+02  1.07560529E+03  1.60798655E+03  2.24684406E+03  2.99217782E+03  3.84398784E+03  4.80227411E+03
  2.88555722E-01  7.95887233E+00  9.11661479E+01  2.57580662E+02  5.07202453E+02  8.40031506E+02  1.25606782E+03  1.75531140E+03  2.33776225E+03  3.00342036E+03  3.75228573E+03
  3.26419013E-01  5.71680287E+00  7.07402350E+01  2.00787025E+02  3.95857247E+02  6.55950876E+02  9.81067913E+02  1.37120836E+03  1.82637221E+03  2.34655947E+03  2.93177014E+03
  3.69250596E-01  3.97897385E+00  5.47924186E+01  1.56419157E+02  3.08859341E+02  5.12112919E+02  7.66179892E+02  1.07106026E+03  1.42675402E+03  1.83326118E+03  2.29058173E+03
  4.17702392E-01  2.63829326E+00  4.23471878E+01  1.21764674E+02  2.40891055E+02  3.99726230E+02  5.98270198E+02  8.36522960E+02  1.11448452E+03  1.43215487E+03  1.78953401E+03
  4.72511867E-01  1.61147545E+00  3.26426332E+01  9.47043483E+01  1.87797221E+02  3.11921052E+02  4.67075840E+02  6.53261586E+02  8.70478289E+02  1.11872595E+03  1.39800457E+03
  5.34513253E-01  8.33744687E-01  2.50836853E+01  7.35823913E+01  1.46331038E+02  2.43329233E+02  3.64576978E+02  5.10074271E+02  6.79821113E+02  8.73817504E+02  1.09206345E+03
  6.04650248E-01  2.54610260E-01  1.92054924E+01  5.71049943E+01  1.13955378E+02  1.89755890E+02  2.84506531E+02  3.98207299E+02  5.30858195E+02  6.82459219E+02  8.53010373E+02
  6.83990379E-01 -1.65536417E-01  1.46447118E+01  4.42609420E+01  8.86874202E+01  1.47922725E+02  2.21966855E+02  3.10819812E+02  4.14481594E+02  5.32952204E+02  6.66231640E+02
  7.73741249E-01 -4.58179074E-01  1.11169897E+01  3.42594755E+01  6.89771296E+01  1.15267335E+02  1.73130092E+02  2.42565400E+02  3.23573260E+02  4.16153672E+02  5.20306635E+02
  8.75268921E-01 -6.48893475E-01  8.39931033E+00  2.64816746E+01  5.36122404E+01  8.97863286E+01  1.35003939E+02  1.89265071E+02  2.52569726E+02  3.24917903E+02  4.06309602E+02
  9.90118706E-01 -7.59065143E-01  6.31621671E+00  2.04424786E+01  4.16440141E+01  6.99127295E+01  1.05248624E+02  1.47651698E+02  1.97121950E+02  2.53659382E+02  3.17263993E+02
  1.12003868E+00 -8.07106551E-01  4.72914540E+00  1.57611372E+01  3.23293513E+01  5.44203087E+01  8.20340063E+01  1.15170444E+02  1.53829622E+02  1.98011539E+02  2.47716197E+02
  1.26700632E+00 -8.09171028E-01  3.52827424E+00  1.21383620E+01  2.50857979E+01  4.23490629E+01  6.39281472E+01  8.98230503E+01  1.20033771E+02  1.54560310E+02  1.93402666E+02
  1.43325854E+00 -7.79411081E-01  2.62636816E+00  9.33878736E+00  1.94566952E+01  3.29472906E+01  4.98105432E+01  7.00464523E+01  9.36550148E+01  1.20636230E+02  1.50990098E+02
  1.62132581E+00 -7.29913380E-01  1.95415103E+00  7.17755510E+00  1.50842330E+01  2.56266122E+01  3.88046054E+01  5.46182153E+01  7.30674320E+01  9.41522540E+01  1.17872681E+02
  1.83407062E+00 -6.70511821E-01  1.45678083E+00  5.50999392E+00  1.16885493E+01  1.99269783E+01  3.02250500E+01  4.25827870E+01  5.70001598E+01  7.34771643E+01  9.20137984E+01
  2.07473107E+00 -6.08679327E-01  1.09109136E+00  4.22352373E+00  9.05136551E+00  1.54892962E+01  2.35367536E+01  3.31938354E+01  4.44604600E+01  5.73366179E+01  7.18223045E+01
  2.34697016E+00 -5.49614808E-01  8.23378760E-01  3.23111865E+00  7.00299767E+00  1.20338446E+01  1.83224014E+01  2.58689894E+01  3.46734018E+01  4.47356183E+01  5.60556304E+01
  2.65493153E+00 -4.96522612E-01  6.27608481E-01  2.46589014E+00  5.41192090E+00  9.34312993E+00  1.42569280E+01  2.01541942E+01  2.70344497E+01  3.48976549E+01  4.37437957E+01
  3.00330254E+00 -4.51001745E-01  4.83964153E-01  1.87656011E+00  4.17635348E+00  7.24823166E+00  1.10872898E+01  1.56956033E+01  2.10721627E+01  2.72168917E+01  3.41297748E+01
  3.39738559E+00 -4.13456449E-01  3.77659947E-01  1.42373523E+00  3.21751848E+00  5.61796155E+00  8.61649980E+00  1.22174565E+01  1.64188899E+01  2.12206489E+01  2.66227386E+01
  3.84317887E+00 -3.83479634E-01  2.97932897E-01  1.07695131E+00  2.47433559E+00  4.35032557E+00  6.69110750E+00  9.50474736E+00  1.27878273E+01  1.65400365E+01  2.07614687E+01
  4.34746762E+00 -3.60193108E-01  2.37153218E-01  8.12441731E-01  1.89931760E+00  3.36586877E+00  5.19145524E+00  7.38971693E+00  9.95513124E+00  1.28870446E+01  1.61858046E+01
  4.91792740E+00 -3.42530908E-01  1.90033801E-01  6.11533341E-01  1.45544054E+00  2.60253759E+00  4.02414394E+00  5.74137888E+00  7.74601794E+00  1.00367159E+01  1.26144065E+01
  5.56324096E+00 -3.29442889E-01  1.52955862E-01  4.59525045E-01  1.11376210E+00  2.01174142E+00  3.11622072E+00  4.45740963E+00  6.02397191E+00  7.81329052E+00  9.82745351E+00
  6.29323035E+00 -3.20002330E-01  1.23434840E-01  3.44889880E-01  8.51597559E-01  1.55534564E+00  2.41068505E+00  3.45786322E+00  4.68235236E+00  6.07943059E+00  7.65317508E+00
  7.11900644E+00 -3.13427829E-01  9.97324077E-02  2.58665868E-01  6.51116133E-01  1.20337997E+00  1.86299590E+00  2.68028360E+00  3.63784313E+00  4.72782538E+00  5.95735202E+00
  8.05313804E+00 -3.09056910E-01  8.05963019E-02  1.93951067E-01  4.98269905E-01  9.32291697E-01  1.43834340E+00  2.07588858E+00  2.82532812E+00  3.67463687E+00  4.63511862E+00
  9.10984318E+00 -3.06315418E-01  6.50955833E-02  1.45469111E-01  3.81991856E-01  7.23608774E-01  1.10951413E+00  1.60658075E+00  2.19388274E+00  2.85437458E+00  3.60455467E+00
  1.03052055E+01 -3.04708607E-01  5.25186932E-02  1.09202992E-01  2.93601259E-01  5.62904565E-01  8.55225506E-01  1.24260230E+00  1.70364808E+00  2.21588457E+00  2.80167398E+00
  1.16574193E+01 -3.03832084E-01  4.23096065E-02  8.21012709E-02  2.26351182E-01  4.38979889E-01  6.58832453E-01  9.60695973E-01  1.32340443E+00  1.71920982E+00  2.17650407E+00
  1.31870658E+01 -3.03384150E-01  3.40264542E-02  6.18522065E-02  1.75061918E-01  3.43201805E-01  5.07326530E-01  7.42668083E-01  1.02869439E+00  1.33313406E+00  1.69001863E+00
  1.49174273E+01 -3.03164038E-01  2.73136491E-02  4.67122954E-02  1.35806505E-01  2.68960628E-01  3.90559121E-01  5.74272786E-01  8.00371836E-01  1.03326339E+00  1.31173633E+00
  1.68748410E+01 -3.03054099E-01  2.18824470E-02  3.53743049E-02  1.05637160E-01  2.11223214E-01  3.00632829E-01  4.44352175E-01  6.23475787E-01  8.00531651E-01  1.01784190E+00
  1.90890997E+01 -3.02993965E-01  1.74969599E-02  2.68638347E-02  8.23535167E-02  1.66169504E-01  2.31418975E-01  3.44176099E-01  4.86349187E-01  6.20038819E-01  7.89718341E-01
  2.15939059E+01 -3.02955034E-01  1.39637701E-02  2.04578740E-02  6.43147055E-02  1.30902293E-01  1.78172459E-01  2.66933110E-01  3.79941817E-01  4.80148432E-01  6.12804182E-01
  2.44273841E+01 -3.02917667E-01  1.11239734E-02  1.56213293E-02  5.02933789E-02  1.03220201E-01  1.37225105E-01  2.07332250E-01  2.97253236E-01  3.71783928E-01  4.75707138E-01
  2.76326616E+01 -3.02907821E-01  8.84250532E-03  1.19571431E-02  3.93588830E-02  8.14090132E-02  1.05733698E-01  1.61263222E-01  2.32804836E-01  2.87852138E-01  3.69483657E-01
  3.12585247E+01 -3.02891761E-01  7.01887238E-03  9.17382833E-03  3.08222375E-02  6.42322611E-02  8.15252756E-02  1.25614169E-01  1.82564322E-01  2.22889090E-01  2.87220607E-01
  3.53601610E+01 -3.02879179E-01  5.56264420E-03  7.05304421E-03  2.41451992E-02  5.06760371E-02  6.29082298E-02  9.79665635E-02  1.43294460E-01  1.72611637E-01  2.23480439E-01
  4.00000000E+01 -3.02869166E-01  4.40219944E-03  5.43268798E-03  1.89174703E-02  3.99696560E-02  4.85846039E-02  7.64823054E-02  1.12545232E-01  1.33706439E-01  1.74055055E-01
